· ’ X Inhaltsv5rzsislinis.

Nummsr
der Sammlung.

Ad lam
lV, 1411 01. Plancius 94 (85
V, lvthMeellusOslerl
21111 1 2 (2)
5111 G. Antonius 4 4)
1 an On. Pompe us3 (3)
811 M. Crassus 28 28)
12115. Luccejus 24 24)
14v0n» 116( (101)
15111 1 1111 108)
1611Τ. Τ11111 120 111)
11111111111111101 (98)
31111108 (99)
411111 108 (100
611111. 011111 103 ((9415
131110. Ligarius 99 (9
1411111 1 104(
l5anL. Basilus 121 (1
221101 0011111195
1111111 M Marius 21
3an 1 1 96

0
5
2
6
1
1
9

9
1
(8
(2
8
51110 01111· 29 (2
6110. Trebatius 3132)31
11111232
1011 1 1 (3131
1411 1 1
15311 1 1
1611 1 1 35 35
11111 1 1
18111 1 1 38 38
3011 Μ. Curius 11]9(110
Vlll‚l5v0n M. 011111 12
, 161011 1 1 18 (69)
1Χ,1 an M. Varro
Ι 2111 1 1
31111 1
61111 1

)
)
(l
1 XII, 3110. 01111111

8655
M

11188001

Ad fam.
IX, 20 anL. P'a'tus 92
X lauL. Plancus 132
311 1
611 1 1
81111 1
ll von> 1
12 111111
15 von> ›
2310111 ›
24 von> ›
28 110. Trebonius 139
31101111. Ρ1111ο 141
XI, lvonD Brutus 122
)
8911 1 1
910111 1

121111 1
21 1110. Μ11111 130(

2810111 › 13111

4 an › › 1381
5 11111 14011
6 11111 145(l
10 an) 1 151(
11 110.Οο1111111111106((

30131139) 1111111110. Memmius 46 1

1611 O. 01111 112

34 34 xlv, 211 Terentia 19(

3111 1
4 an ›
5 an 1
‘lan ›
18111 1

Χ1, 4auM. 0111

570111 1
61111 1

911 Ρ. Dolabella 83 (14 XVI, 1 111 Tiro

1111 1 1 111(102
141111 121(118
1611 11Ρ11111 90 (81
1111 1 1 93 (84)
18111 1 1 91 (82)

 

4an >
llan ›
12 811 1 04 1
2111 1111011111136(

